
m   -73, -652                                     
c   0.496147,1.62961 1.034757,4.04273 1.030478,5.75987       
    -2.447125,5.41112 -4.278038,10.06405 -4.384329,15.36584  
    -0.241458,4.6706 2.731118,12.42658 2.695056,17.14898     
    -0.242477,2.94059 -0.313161,2.64775 -0.618874,6.63042    
    -0.148318,3.31252 0.465933,6.43756 1.046834,9.63723         
    0.466732,2.57082 0.88519,5.17262 0.454197,7.75717           
    -0.15431,1.29613 -2.433884,2.72094 -0.08028,2.75743         
    1.369053,0.0221 1.775439,-0.0143 3.231797,0.007             
    1.223242,0.018 0.265153,-1.32442 -0.04403,-2.77039          
    -0.481433,-2.11734 -1.039526,-3.15634 0.0559,-7.82365       
    0.979749,-4.94641 1.529218,-8.25479 1.087726,-13.11111      
    2.18682,-7.08657 2.59125,-14.37168 2.435662,-19.22042       
    -0.05149,-1.22293 -1.697334,-2.18267 -2.406668,-3.14451     
l   -1.736215,-1.90843                                          



[-73, -652],
[-68, -636, -62, -611, -62, -594],
[-86, -540, -105, -494, -106, -440],
[-108, -393, -87, -316, -87, -268],
[-90, -238, -90, -242, -93, -202],
[-95, -169, -88, -138, -83, -106],
[-78, -80, -74, -54, -78, -28],
[-80, -15, -103, 0, -79, 0],
[-65, 1, -61, 0, -46, 0],
[-34, 0, -44, -14, -47, -29],
[-52, -50, -58, -60, -47, -107],
[-37, -156, -31, -189, -36, -238],
[-14, -309, -9, -392, -6, -432],
[-6, -445, -20, -451, -28, -461],
[-28, -461, -45, -480, -45, -480],
[-45, -480, -28, -461, -28, -461],
[-28, -461, -11, -444, -11, -444],
[-11, -444, -3, -432, 0, -439],



m   -71, -645 
c   -0.436058,1.65531 -1.251639,4.130974 -1.259401,4.230948 
    -0.204417,2.601411 -1.992504,7.291302 -1.992504,7.291302 
l   -0.952931,2.411798
c   -1.01662,2.57299 -1.45236,4.077926 -1.45236,4.077926 
    1.822371,1.162643 1.419735,5.928415 1.419735,5.928415 
    -1.036477,0.002 -0.273883,-2.22559 -1.120918,-2.58939 
l   -0.373848,0.0514 
c   -0.814239,2.20696 0.128417,3.3433 0.128417,3.3433 
    1.152378,0.54328 0.768823,1.22233 0.768823,1.22233 
    -1.52017,-0.57267 -2.062756,-1.41125 -2.062756,-1.41125 
l   -0.625512,-2.63067 
c   0,0 -0.108953,-1.417973 -0.08168,-2.520624 
    0.02933,-1.186111 0.06318,-1.798212 0.184461,-2.660913 
    1.033128,-4.493132 0.633919,-9.426235 2.691288,-13.568536 
    0.917699,-3.069184 0.607536,-9.077754 2.48796,-12.025031 
    2.440804,-3.05768 5.349749,-1.902189 6.996425,-4.48211
    0.08543,-1.003182 0.09329,-2.054324 -0.107555,-2.898255



[-71, -645],
[-76, -628, -84, -604, -84, -603],
[-86, -577, -105, -537, -105, -537],
[-105, -537, -115, -512, -115, -512],
[-125, -487, -129, -472, -129, -472],
[-111, -460, -115, -412, -115, -412],
[-125, -413, -118, -435, -126, -438],
[-126, -438, -130, -438, -130, -438],
[-138, -416, -129, -405, -129, -405],
[-117, -399, -121, -392, -121, -392],
[-136, -398, -141, -406, -141, -406],
[-141, -406, -148, -432, -148, -432],
[-148, -432, -149, -447, -149, -458],
[-148, -470, -148, -476, -147, -484],
[-137, -530, -141, -579, -120, -620],
[-111, -651, -114, -711, -95, -740],
[-71, -771, -42, -759, -25, -785],
[-25, -785, -24, -803, -26, -814],
[-26, -814, 0, -814, 0, -814],